0.000000000000000000e+00
1.000000000000000000e+00
1.000000000000000000e+00
1.000000000000000000e+00
1.000000000000000000e+00
2.000000000000000000e+00
3.000000000000000000e+00
3.950000000000000178e+00
5.000000000000000000e+00
5.950000000000000178e+00
7.000000000000000000e+00
8.949999999999999289e+00
1.100000000000000000e+01
1.200000000000000000e+01
1.394999999999999929e+01
1.495000000000000107e+01
1.700000000000000000e+01
1.895000000000000284e+01
1.994999999999999929e+01
2.094999999999999929e+01
2.200000000000000000e+01
2.300000000000000000e+01
2.400000000000000000e+01
2.500000000000000000e+01
2.400000000000000000e+01
2.394999999999999929e+01
2.400000000000000000e+01
2.394999999999999929e+01
2.400000000000000000e+01
2.494999999999999929e+01
2.300000000000000000e+01
2.295000000000000284e+01
2.300000000000000000e+01
2.100000000000000000e+01
2.195000000000000284e+01
2.100000000000000000e+01
2.094999999999999929e+01
2.100000000000000000e+01
2.000000000000000000e+01
1.994999999999999929e+01
1.895000000000000284e+01
1.700000000000000000e+01
1.700000000000000000e+01
1.694999999999999929e+01
1.694999999999999929e+01
1.700000000000000000e+01
1.600000000000000000e+01
1.495000000000000107e+01
1.495000000000000107e+01
1.400000000000000000e+01
1.300000000000000000e+01
1.200000000000000000e+01
1.200000000000000000e+01
1.095000000000000107e+01
1.000000000000000000e+01
9.949999999999999289e+00
9.000000000000000000e+00
8.000000000000000000e+00
8.000000000000000000e+00
7.950000000000000178e+00
7.000000000000000000e+00
6.950000000000000178e+00
6.000000000000000000e+00
6.000000000000000000e+00
5.950000000000000178e+00
5.000000000000000000e+00
5.000000000000000000e+00
5.000000000000000000e+00
4.000000000000000000e+00
4.000000000000000000e+00
4.000000000000000000e+00
3.950000000000000178e+00
3.000000000000000000e+00
3.000000000000000000e+00
3.000000000000000000e+00
2.000000000000000000e+00
2.000000000000000000e+00
2.000000000000000000e+00
2.000000000000000000e+00
2.000000000000000000e+00
2.000000000000000000e+00
2.000000000000000000e+00
2.000000000000000000e+00
2.000000000000000000e+00
2.000000000000000000e+00
2.000000000000000000e+00
2.000000000000000000e+00
1.000000000000000000e+00
1.000000000000000000e+00
1.000000000000000000e+00
1.000000000000000000e+00
1.000000000000000000e+00
1.000000000000000000e+00
1.000000000000000000e+00
1.000000000000000000e+00
9.500000000000001776e-01
9.500000000000001776e-01
9.500000000000001776e-01
0.000000000000000000e+00
0.000000000000000000e+00
0.000000000000000000e+00
0.000000000000000000e+00
0.000000000000000000e+00
0.000000000000000000e+00
0.000000000000000000e+00
0.000000000000000000e+00
0.000000000000000000e+00
0.000000000000000000e+00
0.000000000000000000e+00
0.000000000000000000e+00
0.000000000000000000e+00
0.000000000000000000e+00
0.000000000000000000e+00
0.000000000000000000e+00
0.000000000000000000e+00
0.000000000000000000e+00
0.000000000000000000e+00
0.000000000000000000e+00
0.000000000000000000e+00
0.000000000000000000e+00
0.000000000000000000e+00
