1.000000000000000000e+00
1.000000000000000000e+00
1.000000000000000000e+00
2.000000000000000000e+00
2.000000000000000000e+00
2.000000000000000000e+00
3.000000000000000000e+00
4.000000000000000000e+00
5.900000000000000355e+00
6.900000000000000355e+00
8.000000000000000000e+00
1.000000000000000000e+01
1.100000000000000000e+01
1.400000000000000000e+01
1.590000000000000036e+01
1.700000000000000000e+01
2.000000000000000000e+01
2.089999999999999858e+01
2.189999999999999858e+01
2.300000000000000000e+01
2.300000000000000000e+01
2.589999999999999858e+01
2.680000000000000426e+01
2.600000000000000000e+01
2.600000000000000000e+01
2.690000000000000213e+01
2.589999999999999858e+01
2.589999999999999858e+01
2.589999999999999858e+01
2.500000000000000000e+01
2.500000000000000000e+01
2.400000000000000000e+01
2.489999999999999858e+01
2.300000000000000000e+01
2.290000000000000213e+01
2.200000000000000000e+01
2.200000000000000000e+01
2.200000000000000000e+01
2.200000000000000000e+01
2.100000000000000000e+01
2.089999999999999858e+01
2.000000000000000000e+01
1.890000000000000213e+01
1.800000000000000000e+01
1.800000000000000000e+01
1.700000000000000000e+01
1.700000000000000000e+01
1.600000000000000000e+01
1.500000000000000000e+01
1.400000000000000000e+01
1.400000000000000000e+01
1.390000000000000036e+01
1.300000000000000000e+01
1.200000000000000000e+01
1.200000000000000000e+01
1.100000000000000000e+01
1.000000000000000000e+01
9.000000000000000000e+00
9.000000000000000000e+00
8.900000000000000355e+00
8.000000000000000000e+00
7.000000000000000000e+00
6.900000000000000355e+00
6.000000000000000000e+00
6.000000000000000000e+00
6.000000000000000000e+00
6.000000000000000000e+00
6.000000000000000000e+00
5.000000000000000000e+00
5.000000000000000000e+00
4.000000000000000000e+00
4.000000000000000000e+00
4.000000000000000000e+00
3.000000000000000000e+00
3.000000000000000000e+00
3.000000000000000000e+00
3.000000000000000000e+00
2.900000000000000355e+00
2.000000000000000000e+00
2.000000000000000000e+00
2.000000000000000000e+00
2.000000000000000000e+00
2.000000000000000000e+00
2.000000000000000000e+00
2.000000000000000000e+00
2.000000000000000000e+00
2.000000000000000000e+00
2.000000000000000000e+00
1.900000000000000355e+00
1.000000000000000000e+00
1.000000000000000000e+00
1.000000000000000000e+00
1.000000000000000000e+00
1.000000000000000000e+00
1.000000000000000000e+00
1.000000000000000000e+00
1.000000000000000000e+00
1.000000000000000000e+00
1.000000000000000000e+00
1.000000000000000000e+00
1.000000000000000000e+00
1.000000000000000000e+00
9.000000000000003553e-01
9.000000000000003553e-01
0.000000000000000000e+00
0.000000000000000000e+00
0.000000000000000000e+00
0.000000000000000000e+00
0.000000000000000000e+00
0.000000000000000000e+00
0.000000000000000000e+00
0.000000000000000000e+00
0.000000000000000000e+00
0.000000000000000000e+00
0.000000000000000000e+00
0.000000000000000000e+00
0.000000000000000000e+00
0.000000000000000000e+00
0.000000000000000000e+00
0.000000000000000000e+00
0.000000000000000000e+00
